1.0 0.711288 0.032099 0.124921 0.064198
1.0 0.904887 0.037756 0.109820 0.075512
1.0 0.064885 0.376048 0.129769 0.752097
1.0 0.397367 0.423141 0.297768 0.826417
1.0 0.542058 0.686686 0.150978 0.271675
1.0 0.637160 0.577180 0.129746 0.185706
1.0 0.602235 0.327398 0.125115 0.219772
1.0 0.676834 0.144096 0.124921 0.180841
1.0 0.823645 0.469275 0.138435 0.323587
1.0 0.955595 0.440049 0.088809 0.187335
1.0 0.781974 0.726778 0.098335 0.144348
1.0 0.855666 0.218263 0.109820 0.201121
1.0 0.469867 0.953852 0.150978 0.092295
